750
721 619
409 469
894 861
744 615
543 553
847 814
51 496
796 795
661 581
664 681
837 797
471 470
622 495
482 432
80 102
521 511
327 636
91 603
735 466
817 395
182 934
129 76
53 995
199 930
858 161
231 698
993 117
383 631
394 630
695 338
492 609
513 634
947 897
262 84
27 64
765 224
481 635
617 586
977 82
770 215
624 478
973 168
401 788
115 95
808 214
726 246
388 759
345 816
841 71
169 324
49 824
151 957
960 185
813 399
339 207
227 838
105 946
620 552
153 940
866 234
982 175
454 498
475 659
243 898
670 542
336 769
716 248
937 910
835 116
833 128
474 582
872 46
572 545
40 126
350 758
150 941
452 487
372 97
494 384
138 717
415 752
800 206
204 306
912 131
455 484
8 86
101 968
760 271
18 967
832 979
705 280
857 238
862 55
67 974
236 676
612 464
414 709
566 503
405 657
165 949
737 288
162 568
285 918
156 47
155 909
124 965
344 190
753 355
341 54
376 632
984 828
528 579
290 774
270 668
134 61
188 927
252 818
885 237
438 700
157 36
956 85
653 385
853 59
825 143
437 590
26 57
407 710
386 883
583 529
763 266
382 684
413 782
375 465
259 919
93 96
952 171
856 291
751 417
932 119
459 585
834 244
544 337
118 398
458 683
304 666
137 720
12 163
371 789
200 901
321 882
920 198
44 0
424 510
879 226
715 365
275
988 66
562 580
147 990
286
991 578
461 673
662 366
114 403
52 806
703 257
903 961
146 958
392 180
263 221
915 928
889
99 781
30 160
728
873 264
410 608
368 633
929 191
846 295
801 218
697 331
571 577
490 981
297 911
273 810
550
840 310
15 69
524 589
675 359
373 711
38
525 599
423
643 390
330 871
805 250
249 253
144 65
899
318 637
307 660
179
588
802
108 418
20 68
260
195 904
803
881 158
133 731
573 501
408 79
289 104
443 628
534 563
173 876
34
242 152
547 517
196
422 607
125
522 618
88 449
794 223
28
402 762
701 269
32 123
109
497
665 548
216
559
518 601
256 884
87
393
447 685
130 773
72 793
969
94 427
943 172
6 996
723
314
364
686 527
644
867
625 428
197
281
509
836
31 37
962
189
251
648
921
923
367
567
761
272
951
537 343
945 600
70
145
896
254
300
451
48
81
936
228
313
924
964
183 322
551
444 535
450
4
113
779
674 335
953 868
211
712
50
663
812
689 353
426 595
103
19
880
855
891 2
241
370
736
714 476
219
416
457
148
217
557
743
746
22
90
92
348
463
10 58
732
768
992
127
225
504
516
561
755
892 980
247
508
627
654
677
706
725
740 419
584
820
887
939
11
181
468
645
404
302
320
467
546
745
149
120
638
878
922
111
352
594
688
434 651
23
499
539
629
831
913
83
187
596
13
159
89
139
277
576
815
202
771
9
387
729
265
287
462
502
616
756
830
852
480
777
907
35
347
488
500
799
533
329
391
421
605
994
3
433
479
483
485
536
707
963
5
209
623
890
98
203
296
598 985
472
754
775
860
950
512 699
154
166
532
718
987
406
178
606
877
25
78
106
279
381
507
530
739
821
201
702
786
839
850
905
363 587
267
301
411
972
986
283
349
679
864
926
73
334
396
436
641
650
757
555
742
935
792
845
886
604
908
750 798
299
311
849
916 902
193
613
975
997
7
239
255
358
435
439
724
229
312
425
704
100
360
614
671
741
45
292
473
730
446
888
719
970
696 749
456
906
998
140
294
591
954
233
514
570
597
669
261
851
41
328
442
610
785
807
826
933
305
325
556
652
680
208
205
526
575
865
942
445 999
682
63
213
369
429
667
727
787
24
77
136
361
560
565
658
823
978
298
378
460
804
827
893
925
931
39
611
844
284
389
441
520
747
791
874
783 564
230
708
309
356
493
549
678
971
21
176
29
333
733
400
554
245
316
672
875
332
819
574
895
75
558 523
74
477
843
944
541
647
778
784
859
60
141
177
240
268
62
167
687
184
319
430
917
222
303
342
955
121
174
274
656
764
811
863
112
142
164
346
692
829
869
900
43
210
377
649
722
14
235
397
515
655
809
646
959
16
776
232
440
767
1
713
738
315
519
790
848
966
278
354
453
491
842
194
374
531
626
640
110
323
412
538
690
772
506
17
431
107
220
569
592
602
983
170
486
489
621
540
593
870
938
351
822
276
420
914
989
258
293
326
505
694
766
693
192
780
56
212
379
734
948
976
282
448
340
691
122
186
362
357
380
42
639
132
854
135
317
642
308
33
748